+17275450800
+17275396272
+17275365535
+18135037331
+17275777433
+18138774824
+17273419595
+18137641013
+17276443784
+18134046403
+17279422733
+18132446204
+18137872751
+18138430441
+18137497104
+17275870222
+18137823018
+18135091755
+18132436556
+18137919890
+17272282026
+18137845211
+18138605785
+18132911133
+18134993560
+18136690236
+18135302618
+17279021969
+18132471700
+18139621509
+17273917089
+18132822000
+18137878139
+18138578402
+18134152548
+18135122962
+17279377436
+18138333178
+12018112829
+17273755093
+18139661394
+17274090855
+17277418214
+18133584200
+17272910770
+18134802613
+18132910189
+17278592051
+17275414719
+18136231040
+17273858788
+17273268367
+18136288453
+18042141928
+18139492300
+18134808225
+17278979661
+18139009933
+18132811821
+18135500930
+17275205404
+18136939823
+18138463891
+17272090864
+17275463229
+18139330302
+18139513183
+18134260059
+18138026149
+17279227281
+18135985325
+18137347711
+17278312065
+18133240133
+17275414486
+18139689605
+18135621404
+18136795613
+17272561642
+17275277262
+18138842382
+18134395600
+18133787777
+18136852446
+18136000929
+17272196010
+18136663501
+17277100491
+18132071008
+18133700076
+17273145711
+18133687123
+18133921617
+18138890222
+17274333618
+18137551515
+18133335068
+18136095190
+18136263636
+18138863100
+17274981384
+19415456138
+18133639867
+17277258453
+17278697596
+18139604336
+12392470469
+16562212646
+17275948819
+18137509316
+18133800476
+18132854546
+18134440400
+18139331728
+18137962377
+17275486125
+17279778250
+17273608159
+17274554228
+18133099991
+18133405648
+18135132037
+18139930611
+18555593355
+18135973445
+18138848453
+18137500294
+18135563422
+18135380872
+18133706555
+17272333433
+18135483141
+17273141142
+18139579675
+17278438807
+17272331270
+17277878283
+17272401807
+18138392100
+18139536769
+17272604213
+15097305046
+17272377250
+19412252990
+18137239679
+18636076700
+18138501155
+17272567453
+18137875327
+17277939399
+17273755956
+17276127118
+17275862826
+17275039123
+17279991959
+17275050333
+18136083465
+17272750233
+17275456500
+17273298831
+18139192562
+18132308381
+18132301981
+18136503232
+17276371404
+18633382643
+17273634910
+17272184858
+18139314700
+17279547364
+17277292656
+17279377231
+17272750202
+17274720443
+18133799170
+17278514349
+18137335770
+18139688888
+18132472840
+18136838673
+17279453848
+18133938250
+17272214468
+18133745684
+17279358468
+19412025400
+19725233112
+17274461732
+18136528172
+18138810098
+17274830652
+18132636124
+18137419300
+18133159128
+17274551940
+18138931232
+18137858762
+18139242335
+18134678149
+18138427120
+18139497906
+18135662635
+17274178989
+17272771640
+18135155900
+17272311722
+17278425511
+17278428836
+18135702438
+18138862222
+15713178303
+17277850523
+18138630369
+18136296119
+17276009025
+18776773153
+18137506058
+18137428468
+17279544680
+18135450448
+18139632277
+17274396530
+17278688468
+18133676931
+17276002775
+18132523712
+17275263240
+18135604845
+18139975977
+18137731232
+18134429345
+17275696299
+18638994786
+18135791260
+18132306402
+18132558544
+17277879274
+18138083953
+18133634875
+17272491350
+18135622209
+18134351415
+18135145954
+18138733653
+17278272662
+18136440502
+17276458831
+18138435408
+17272224511
+17274927050
+18139715950
+17272474514
+17274316871
+17275121117
+17275577803
+17277178417
+17273313964
+17276098470
+17276081248
+18136301702
+18135258820
+17278314842
+17272381111
+18134519780
+17276232439
+18132786597
+17274928142
+17273447233
+18134918468
+17273281400
+18134662240
+18133639176
+18136424310
+17278340234
+17272564867
+18134751971
+18134954602
+18133454400
+18135882737
+18136446969
+18138464406
+17276426191
+18135219280
+17273272544
+17273869776
+18136250169
+17274844089
+18136991942
+17275696469
+17276376037
+18009896604
+18134367496
+18134459834
+18139928468
+18136512333
+18139655765
+17273530377
+18156621636
+17274372741
+18132428969
+17278002400
+18137085020
+18132541072
+18138930803
+17273517055
+18136228594
+18137937481
+16127036056
+14076837160
+17275136138
+18134530710
+17278468562
+18134071525
+18132913937
+17273211233
+18135711200
+17272024891
+18139923317
+18135029164
+17273771121
+18135417722
+18135627202
+18137016476
+18134473206
+18139773313
+17277544514
+18667886933
+17275691935
+18133233235
+18133470445
+18137306147
+18135388932
+18136761700
+14074882277
+18132532620
+17275359111
+17273503639
+18886001644
+18137198780
+17276868468
+17274667329
+18135801824
+18139772275
+17274185007
+17279065453
+18135049848
+18137841853
+17275258601
+18133953485
+17272059544
+17279470221
+18139335003
+18139910000
+18133795811
+17273253791
+18135028150
+18138760080
+18132518807
+18137390001
+18136965660
+18134750600
+18133136934
+18137613472
+13213962182
+18136452200
+18134472701
+17277411533
+18132697518
+17272547711
+18139331323
+18133080155
+18132262742
+18135311898
+17276781178
+17276885824
+18132434900
+17279545865
+18137206671
+18136435174
+18139924662
+18132637072
+18136804844
+19412511244
+18139486800
+18135318745
+18132805505
+18138008677
+15613121380
+18138090756
+18134229336
+18137701842
+17275450170
+17275225722
+16104412200
+17275460833
+18134197092
+17279354621
+18139311556
+18133343261
+18132358763
+17279345083
+17278517646
+18137106323
+17277610649
+18133453891
+18138559432
+17279344445
+18132497400
+18135579336
+19544714850
+17274184771
+18137967492
+15129986281
+17272257538
+18006899664
+18136066067
+17272394780
+18138473964
+18624323818
+18132700141
+17274085270
+18135919779
+17277611101
+18007042701
+18136665606
+17276313397
+17279473744
+17279402340
+17273005646
+18139369339
+17275655339
+18502761586
+18139009275
+18139613306
+17279143428
+18137016923
+17275442886
+17275132547
+18885545751
+15132668438
+18136614777
+18139679227
+17275354114
+17274853698
+17273792312
+18134641312
+17272388143
+18778177447
+18138187900
+18137668071
+18137108664
+18139477080
+18137586394
+18134536052
+18137700700
+18137303848
+18139473350
+18133611285
+18134958770
+18139493456
+18132910280
+19086166225
+18134015648
+17274037831
+18136718481
+18136203010
+17274558468
+16562137307
+18132993728
+17276378846
+18134249143
+18132386080
+18009711442
+18134370442
+17273763333
+18137783948
+17272618468
+18136640022
+18136209000
+17272642043
+13106989511
+17274723976
+18132846959
+18133282053
+18636989696
+17272105346
+18137770983
+17273965367
+18135053868
+18137801858
+18133533333
+17275968160
+18137781854
+18136668411
+17272668725
+18133921735
+17272153308
+18135662039
+17273033145
+18137661637
+18136783813
+18133120616
+16303911706
+18132424877
+18136014910
+19542471679
+18138856900
+18133351167
+19414042900
+17278159474
+18138733653
+13216103952
+18137770983
+17272401807
+18133120616
+17279470221
+14076297447
+19419536300
+18136718481
+14076683751
+14072767718
+13217959432
+18134071525
+18633085462
+19417250709
+13214029928
+14072897199
+14079550539
+17274372741
+18632588162
+18138856900
+18137661637
+14077702222
+13523571932
+14077758990
+13523149714
+19418224708
+19416238221
+19418948429
+18134988364
+19414561832
+18137085020
+17275413606
+14077961727
+19417731092
+19417995538
+15618274820
+17274667329
+17276098470
+16897779686
+16892975829
+18133611285
+13214382016
+18137783948
+19413443708
+17272059544
+19413410395
+15154221206
+19413661942
+19413735440
+18139449730
+19417140042
+13216071606
+18137875327
+17279021969
+18139486800
+18632202977
+13216763100
+17279422733
+13862491490
+13866684151
+17275039123
+19419935146
+19412602016
+19419184000
+18134899372
+13216312100
+14078018744
+13866317471
+18134678149
+18135711200
+14072212727
+14079569469
+17275450170
+18778177447
+19413022096
+18633382643
+19416502396
+14073070000
+18133630050
+18139661394
+19417067680
+13216041568
+18137878139
+19412025400
+18139579675
+17278517646
+19413777499
+19412246649
+19415498453
+17278340234
+17279345083
+17278272662
+19417406511
+19413713456
+13524601028
+13219849854
+19418097420
+18133639867
+13862287524
+19414623024
+18639343420
+19417418585
+17273999959
+19413581845
+18136231040
+18136838673
+19412126241
+17272491350
+14073105597
+14076295558
+18135388932
+19417637506
+14074263462
+18139242335
+19412733296
+17275966033
+13525390220
+18132436556
+18132697518
+19412321375
+19413516178
+14072334604
+19413514600
+19412663785
+17272377250
+17272257538
+13523538722
+17273701807
+13212727440
+18138473964
+19417487785
+18632800539
+19412174629
+17277411533
+19417770710
+17748363968
+18134808225
+18139679227
+17275442886
+14077053403
+14073342461
+19416004464
+17272282026
+17273869776
+19418372712
+18888996480
+13213962182
+18774349552
+19413656500
+17277878283
+19418776620
+19413713161
+19414990000
+19414135993
+13216312888
+17274333618
+14078133032
+18133500906
+19418679790
+17273253791
+14075500072
+19412120202
+19418969808
+19419226981
+18137781854
+19413153355
+13219510209
+19417589071
+18132262742
+18138463891
+19419215363
+13523438454
+14079253824
+19412105400
+17279991959
+18138760080
+18136471102
+18134351415
+18136614777
+17278312065
+13526028753
+13216761563
+19412663102
+19414479078
+18133159128
+14076746060
+19417560033
+17274369061
+18133700076
+19413593364
+17272105346
+17274720443
+17275696469
+19419094828
+19415548174
+17275761810
+19417537777
+14074497870
+19548730934
+18136209000
+19419246614
+18135563422
+18886111117
+18136000929
+14076005201
+13525578169
+19412000449
+19415418289
+18635100234
+14077238802
+19417561822
+13213054527
+18133240133
+19413653552
+19412252990
+14079379474
+19413202776
+19419523759
+17273858788
+18139910000
+14077495646
+15097305046
+18139493456
+19412730664
+14075792212
+18137858762
+14077455027
+18134249143
+18133233235
+19415003132
+18634136022
+14078095996
+14072274673
+13216104345
+19419267444
+19418417366
+14077300494
+17275968160
+19413796774
+14075157060
+17273272544
+19413126943
+14078816167
+14078572552
+18138430441
+17275396272
+14074291795
+18139632277
+19413558228
+17272668725
+13343548144
+18137641013
+18139604336
+13864143463
+17277178417
+13526387828
+19419244849
+19419148222
+14073663829
+19413151153
+18136663501
+18636141164
+18139192562
+19418073390
+14076377400
+14079313832
+19419938544
+14076788468
+19418963853
+12018112829
+18135662635
+19419936567
+19418774177
+19413124455
+13216749993
+19418947138
+13523992682
+19417064000
+13213152640
+17279354621
+14075929217
+19419247700
+14076925543
+12038932573
+13212590770
+19413607520
+19416007702
+19413712834
+19415265986
+17272196010
+17275463229
+19412126828
+19414443033
+18139773313
+17274853698
+13212295505
+17277766586
+19413423443
+18133282053
+18134440400
+19725233112
+18634194427
+17274558468
+18132558544
+14074946203
+19413665522
+14073011303
+19419286199
+18132424877
+18634223408
+17274108326
+17273313964
+14073776400
+17276009025
+17275263240
+13219522781
+13218907736
+17278592051
+18135500930
+18134197092
+18133687123
+18134367496
+13524231996
+19419244342
+19413715945
+14077554144
+17278688468
+16893454351
+14074403134
+18137841853
+17274981384
+14072145316
+14078089210
+18636690292
+14079281829
+14072856518
+14078460561
+13212965482
+18135380872
+18633970322
+17272153308
+17275812093
+14072978997
+13212651450
+19413627820
+13524692852
+19417514911
+17273005646
+18137801858
+18132523712
+14076055423
+17279160404
+13217230787
+17278002400
+18136668411
+18132910280
+19413121662
+17273419595
+18133800476
+14077799533
+18635108004
+18132518807
+17659196899
+19412849220
+19415676215
+17173300448
+18138333178
+13214662084
+19419559536
+13214127930
+17277418307
+18134260059
+14078082285
+19414135665
+19413122662
+19419245654
+19412565518
+18633158773
+18135258820
+19419224492
+18132811821
+13213516152
+18632248468
+18133454400
+19417512001
+13212082422
+13216101421
+19419603179
+17279453848
+18339862273
+18134473206
+14076764342
+16892521580
+18139009933
+12394401042
+13213000017
+18133639176
+18139613306
+18132805505
+17279545865
+17276371404
+14072823069
+19413661756
+19413513371
+14077893451
+19417536467
+18638994786
+18134758786
+17272090864
+19412370096
+18135579336
+17272567453
+14073007755
+18139311556
+19413558383
+18133405648
+17279544680
+19412181473
+19412461507
+18133453891
+19418933131
+19415875058
+19414447270
+14077920032
+13522774721
+18136216101
+18135985325
+18139924662
+18009711442
+13219562066
+14079242465
+18015031287
+16892176102
+17272331270
+19412864706
+17276781178
+19545360798
+17192988393
+19293095314
+14077157811
+14075425709
+14079171019
+18136288453
+17872263915
+18137108664
+19412262307
+19412090004
+14078640237
+19419533240
+15713178303
+14076012792
+14078727717
+19414877405
+14078490707
+17272400807
+18135302618
+16898001012
+14075451956
+19412014576
+18136852446
+17275610222
+18138890222
+19417482187
+17275655339
+18134958770
+19419771234
+14079873331
+14077161174
+18624323818
+14075950847
+19419276686
+14077389144
+17279778580
+18136503232
+13213013307
+19415296821
+18137106323
+17273141142
+14077140659
+18139621509
+17278089091
+13213350554
+19415921166
+19414440067
+14074094111
+18632052584
+14079077679
+14077356926
+14074956666
+18133634875
+16314872655
+18135483141
+19412315558
+13523962515
+13522552351
+18135122962
+13218214381
+18133351167
+19414174000
+14076055525
+18136203010
+14076817333
+19043008968
+19419225268
+14079440925
+18137347711
+19415548000
+19417797277
+17276884714
+19417484679
+14074872203
+14072329812
+18134514939
+14077597572
+14079000190
+19415865594
+18133099991
+18135627202
+14075926494
+18137239679
+18637015874
+13212318434
+14078685612
+17272311722
+19412274202
+17276002775
+18139689605
+14078457995
+18137705492
+19412845770
+13218024645
+13212311919
+19419254150
+18132303198
+13216764622
+18133080155
+18134046403
+19417511949
+18133533333
+19413459136
+13212953244
+19418994959
+13213305134
+19412015991
+14075210920
+17274928142
+18135919779
+13218024200
+19413652356
+18639994299
+18636623948
+19419296274
+17277544514
+19412017473
+14072903227
+18139473350
+19416859541
+19417536751
+18137668071
+14077669085
+17275258601
+14074969117
+18133953485
+19417519200
+14075401007
+17272750233
+14072581190
+19412706336
+14076995152
+19413663036
+19413789565
+18635330681
+19417737410
+19044121080
+19417668468
+19412634466
+18136665606
+19419287888
+13215774704
+19413075096
+14075917004
+19417269873
+18132913937
+13213035962
+18133857789
+19419543575
+14076879737
+13525574047
+18136783813
+18133595000
+17273033145
+18139536769
+14077207090
+13216394302
+17274316871
+19418228720
+14077923702
+19419212775
+18632633312
+18138464406
+19414850802
+18136083465
+18136187412
+14072759633
+19415807764
+17727085286
+13525011257
+14072605005
+18135318745
+18638601595
+17276443784
+17273517055
+18137496749
+19413663832
+17277292656
+18136991942
+18137206671
+19418005700
+13219721171
+14077856042
+17272326201
+13217298468
+17272750202
+18632210185
+17275414719
+14077034016
+18138875658
+19419468477
+14079156023
+13523574669
+19413559656
+13216224356
+18137304954
+18136804103
+19419618115
+19418704900
+19412599857
+19417998468
+17274185007
+13466060424
+18136435174
+19412809742
+14073833363
+18137701842
+14075999300
+19419665000
+17273182217
+16562137307
+18136253377
+19415048115
+18138605785
+14074559879
+14073947331
+19414028836
+19413658453
+16892691903
+14077915795
+19415297785
+19414620449
+19413018978
+18132637072
+17273264246
+17276376037
+18135045751
+13217331933
+19418702303
+14074945434
+17272604213
+18139331323
+14074019033
+18134229336
+18134918468
+14074053267
+17276426191
+18885545751
+19415871649
+18138848453
+19412012797
+18139975977
+19545493798
+13522684007
+13213650566
+13865276158
+18138810098
+16104412200
+17869753689
+19419554607
+13867756262
+17275414486
+19417451993
+13214741447
+18136900534
+19542988086
+18775753456
+17274927050
+18633983997
+19086166225
+19412100304
+18636042645
+18132446204
+18135702438
+14075532866
+14076292393
+18135132037
+14075424001
+13212088704
+17273792312
+19417796902
+17276775402
+14072590459
+19419241174
+14076165730
+14075476072
+18136690236
+18132308381
+13528618200
+13213006792
+19412314938
+19417771271
+13212856269
+19414022121
+18132541072
+14072920441
+14073938645
+19419266222
+18042141928
+14073620977
+17278468562
+19413426111
+18139938224
+18136263636
+18137016476
+19414475481
+17272547711
+15167281932
+18138083953
+18638999423
+18137919890
+18634228833
+18134519780
+17274396530
+14073383300
+18133008954
+17273486389
+13214157366
+17272564867
+14075919136
+16893169090
+13523070697
+17279435048
+17277258453
+13522300599
+18137306147
+19419510194
+19544714850
+13213039201
+19413366399
+19417270884
+18138435408
+19414135200
+19415261071
+17275121117
+13217236976
+13214446157
+13522273681
+19412418372
+18136333161
+19419223305
+18135029164
+18777155313
+18136446969
+18132471700
+19414673112
+17276885824
+18138008677
+19414026588
+19418403600
+12392558000
+14074213636
+18136512333
+17275777433
+17279552950
+14079778453
+13216268649
+18502761586
+15183399730
+17279344445
+18132993728
+14076142376
+19413785422
+18636076700
+13215886137
+14077805829
+14074136646
+18133676931
+18132434900
+18139497906
+17273281400
+19417993480
+18135801824
+13864900836
+19414758132
+19417802320
+19417533172
+17275225722
+14075771902
+13864281213
+14077232809
+17276127118
+17277850523
+14077799257
+18134751971
+18138630369
+13218004400
+18136640022
+14074400461
+18132910189
+18133921735
+18885032590
+18133700102
+17272056255
+18133470445
+14072750558
+19418779164
+18134459834
+18134472701
+13217777756
+19412714326
+19412008963
+18137390001
+19413664488
+17277100491
+18638530202
+19419557004
+13524195002
+15132668438
+17273268367
+14075952924
+18138392100
+19417950798
+19413658802
+14072037958
+13213275972
+18137240448
+17273503639
+18136424310
+19415540015
+14072995284
+19413608500
+18138427120
+17277610649
+13218638970
+13867750409
+17279377436
+19413552954
+14078023345
+19414442448
+19412530400
+19413015201
+17278425511
+13529332935
+16892657443
+14076453235
+17279547364
+19417952222
+13214512819
+19416219353
+19419202147
+18133975094
+18137586394
+18135512621
+19417562700
+13524293515
+17276081248
+13219600512
+17278514349
+19413600301
+18635289795
+13214466537
+13215436582
+13476132324
+18139335003
+14072504661
+13214393064
+17272771640
+18135622209
+14077206312
+18432710979
+18135053868
+19415526789
+19412296055
+18139600051
+19417241242
+18133706555
+18886001644
+14075652178
+14076775657
+19413410143
+18136528172
+16892659006
+14072172942
+14075926217
+14075788088
+18132386080
+18133255700
+19415808105
+13862334173
+18138931232
+17724730882
+19419511643
+19415399663
+18137369721
+15129986281
+19417517575
+17276313397
+18137937481
+19413466061
+14075470951
+19417802634
+18137881642
+18667886933
+12038083006
+14072460636
+14074479045
+13217775117
+14076837160
+18638088607
+18639402075
+14076211010
+13218068468
+19413654610
+17273771121
+13868375948
+19417530565
+19412022238
+18139806166
+18133792116
+18633245523
+18134152548
+13212425780
+18133335068
+19415807635
+13212956498
+17273608159
+14044802930
+14079732074
+19419602493
+17277418214
+18137016923
+19419253377
+19417277433
+14078204604
+18137551515
+19417060924
+18134015648
+18634399794
+17272618468
+18135417722
+14075801176
+13219786276
+13217755929
+18632931542
+17273211233
+19417270118
+13527481133
+17275870222
+18134395600
+17275354114
+18133745684
+19419235551
+14078412123
+14077585556
+19044526316
+13219539853
+19413583360
+14072922691
+18133921617
+19417798727
+18137845211
+19416671678
+18776773153
+19413771900
+19414850010
+18135621404
+19418938086
+19542261656
+14076958468
+19418281083
+18136095190
+14074107820
+18132854546
+14072996092
+18133787777
+17275460833
+19412797333
+14079289792
+19144069563
+13864022225
+18133584200
+13216768594
+19413716837
+19419993272
+17278428836
+14072890926
+19415005514
+13213274862
+18135155900
+17277611101
+14072236517
+19415651448
+19417488442
+13213687065
+18135028150
+18139930611
+19419252900
+13214464865
+18136965660
+14077554151
+16127036056
+18137872751
+17274723976
+14078441611
+19417258285
+19413777747
+13217594787
+18133136934
+19417471372
+18636982871
+17275456500
+13522530499
+17274037831
+14074929111
+14706014448
+18132532620
+18639409875
+14073698726
+16892106881
+14077604611
+14072958140
+13213621381
+19415242593
+17272890264
+17275948819
+19415398040
+19417954840
+19413069659
+13212362782
+19417567787
+14076633401
+19417055940
+14077914230
+19412719742
+19419541100
+13213014120
+13214708331
+14074333547
+19414001656
+17279402340
+13213376904
+17272333433
+17272642043
+17272381111
+18132700141
+18135882737
+18137419300
+19413503388
+14078661690
+19414053337
+18138501155
+19417739500
+18635596042
+14072506060
+19412211098
+18138559432
+17279473744
+13212478468
+18134993560
+19415493480
+17273634910
+14074882277
+14078502929
+13864793607
+14072344338
+18138090756
+13525687994
+12392470469
+19417329855
+19412017890
+14073474349
+14074149586
+18135219280
+17278979661
+14078378357
+18139923317
+17272749110
+14079786201
+19419521982
+18134641312
+13212821983
+13214247271
+19419570009
+18134370442
+13526561006
+17279962035
+18135345875
+17272561642
+19417183284
+13218950809
+13214330000
+19412511244
+14076222062
+14074560031
+14078967077
+18633188468
+18137731232
+14077700077
+17278438807
+18138842382
+19413570211
+18638884937
+19413608901
+19414657458
+14075231616
+13863079785
+18133799170
+19413000130
+13212433666
+14074317940
+19413219395
+14079026225
+19419616261
+17276232439
+19417803938
+19417468661
+14075748381
+14075426031
+17275136138
+19413785207
+13213290608
+17272184858
+18007042701
+18137700700
+18135604845
+19419607433
+19412038402
+19412768548
+13218218901
+19413158307
+19412174125
+19413550202
+18138430488
+18135450448
+14073318360
+19417562560
+17275450800
+14078868468
+18139524915
+19413556870
+19413760778
+17274178989
+19417618441
+18139772275
+13214201204
+18132636124
+14075425187
+13214421766
+13868016151
+19417999266
+18133378591
+19414686522
+19414860346
+19412220111
+18132358763
+14076992425
+14073414688
+19413552703
+14072555388
+14076338124
+19412759850
+13522866904
+14075743404
+13212151876
+18136440502
+19412297805
+18136795613
+19414000937
+18138774824
+14072220016
+19412645655
+19413656000
+19415671717
+13218724519
+18137198780
+19414049797
+18135145954
+19417486451
+17273755956
+19417999310
+18138862222
+14075677660
+17273763333
+18134662240
+19413518185
+14074853119
+19415653148
+18134530710
+13218632424
+14078487779
+14073268101
+19414797959
+18132846959
+13219518284
+17275205404
+14074044950
+17274184771
+17273145711
+14076350052
+14073801202
+18134307000
+19417132088
+14072452165
+18638025967
+19414045188
+17275486125
+18638601698
+18134802613
+18135662039
+18135973445
+19417275800
+19418072890
+19412324721
+17276868468
+18636989696
+18132428969
+19412272000
+18334452774
+17275365535
+18137428468
+18136250169
+19412166734
+14078011715
+18634889198
+17275577736
+19413792257
+18637746996
+18002516055
+14079069323
+19415456138
+14073764612
+14072999394
+18139330302
+13215070646
+14078421444
+17274551940
+14072052203
+19412136700
+19413420855
+14075210222
+13212555044
+17272474514
+17274554228
+18137509316
+13523966486
+18133150543
+18136228594
+19412942017
+19417399792
+18135931105
+13867485330
+13868711377
+18635143695
+19416773567
+18638083101
+18639373001
+17274085270
+18132071008
+13523456771
+13522438384
+17279358468
+18139314700
+19418969640
+14079008068
+18132472840
+14077886800
+18139513183
+17279065453
+18135791260
+19412843319
+17275696299
+19413511659
+18134750600
+19418778492
+13213155764
+13217220228
+17273530377
+17542730326
+18136452200
+19415275183
+19413556622
+14072335928
+18132301981
+17275277262
+19413655250
+19416501487
+18139477080
+19419997791
+17277556775
+14074493444
+18139492300
+18633276750
+18135431777
+18136066067
+18632508468
+13214202213
+18137497104
+14073375292
+18554696842
+17275862826
+17275577803
+19419266738
+13219173251
+17272394780
+14079364425
+19417044710
+14073101894
+19413219776
+18137303848
+14076870035
+13867667665
+19416853028
+14073507954
+13213133797
+19418068636
+17272388143
+14073914110
+19419211037
+19413654209
+19419230323
+19415276728
+13864793324
+19412993925
+18009896604
+13217528002
+17278697596
+17279377231
+18135091755
+18136761700
+14076941988
+18132911133
+14077661195
+14077978386
+13213568516
+18132471700
+17273755956
+19414001656
+18132428969
+14075952924
+19419523759
+17273634910
+14074094111
+13213376904
+18139311556
+19419253377
+19417561822
+19419616261
+19412015991
+19417954840
+13864022225
+14074136646
+18133500906
+17272750233
+17276868468
+14074882277
+18139486800
+17275862826
+17724730882
+19414042900
+18135053868
+14075476072
+13213305134
+18638601698
+14079077679
+13528618200
+13213014120
+19412105400
+18638530202
+18632248468
+18133470445
+19413658453
+14077604611
+19419247700
+18136690236
+18137858762
+13212318434
+18138090756
+19419511643
+13213274862
+17275225722
+18135579336
+18667886933
+19419215363
+19144069563
+17273530377
+18132637072
+18133233235
+19043008968
+18135563422
+13476132324
+19413608500
+19413558228
+14073070000
+19412706336
+13218638970
+18134958770
+17275486125
+18132301981
+19417519200
+18137700700
+18135702438
+14074559879
+18137108664
+18136263636
+13522300599
+14078421444
+12392558000
+19417471372
+19414135665
+19419254150
+13215070646
+19418281083
+17278468562
+19413075096
+19418068636
+13522552351
+19413121662
+17276781178
+18132308381
+19412297805
+13522438384
+14076879737
+13213275972
+13522530499
+19417451993
+13212295505
+14076837160
+14074403134
+13466060424
+18135483141
+19412634466
+19418779164
+18133787777
+19412246649
+17274927050
+14074497870
+14077915795
+13524195002
+13524601028
+17274369061
+17279547364
+18638994786
+19415875058
+19419296274
+19417999310
+18136503232
+18138392100
+18137369721
+19413000130
+18138810098
+17278514349
+13865276158
+17279545865
+19419212775
+19414443033
+18137781854
+14072329812
+18132558544
+18133159128
+19413777747
+17273211233
+18633188468
+14077914230
+19413426111
+17274558468
+18635596042
+14074107820
+18137731232
+14076338124
+17275442886
+18136452200
+14073801202
+18137496749
+17275136138
+13527481133
+14079732074
+19413466061
+18133595000
+18633983997
+19417637506
+19413459136
+18138559432
+14073011303
+13213039201
+18634194427
+17275870222
+19418994959
+17274554228
+17275277262
+13215436582
+17869753689
+18132262742
+19417511949
+14078967077
+16893454351
+19418097420
+14075425187
+19414022121
+19413663832
+19412220111
+17276002775
+14072995284
+18132911133
+18136640022
+13216394302
+18135973445
+14077799533
+19413018978
+14074872203
+19419570009
+19418005700
+14075424001
+17278089091
+14074929111
+19417406511
+13524692852
+18135122962
+13212433666
+18132472840
+17276127118
+18632931542
+18778177447
+13216071606
+14073105597
+19418228720
+19417044710
+14072958140
+17279962035
+19413503388
+17192988393
+13523992682
+18137770983
+19417731092
+18136333161
+19414877405
+17276009025
+14076377400
+19417739500
+18139679227
+19412315558
+17272333433
+13218024645
+13864793324
+19419936567
+17273869776
+14072172942
+16892106881
+17278688468
+14075792212
+14044802930
+18633276750
+19412663785
+14075771902
+19415548000
+19416219353
+19413514600
+18136083465
+14073620977
+19419241174
+18132303198
+18138760080
+19044526316
+17748363968
+19417512001
+17727085286
+18886111117
+14072590459
+17275258601
+14072274673
+14076775657
+17278425511
+14072996092
+18133335068
+18885032590
+13864900836
+18137701842
+18132446204
+17278272662
+18134229336
+13214512819
+19413652356
+19419266738
+19418679790
+19413122662
+17274981384
+17275413606
+17272377250
+16892521580
+19419244849
+17274333618
+18139536769
+13523438454
+17272311722
+18136804103
+18133008954
+18138630369
+14072759633
+13216768594
+19419603179
+13864281213
+19417998468
+18136000929
+14079008068
+17274396530
+14076211010
+18002516055
+15618274820
+14077455027
+17275414486
+14074149586
+17272196010
+13214393064
+18634399794
+19418969640
+18136228594
+19417533172
+18139473350
+19417993480
+17272331270
+19419235551
+14076055525
+17279344445
+16314872655
+17275263240
+19413423443
+18777155313
+14079026225
+18139330302
+17276884714
+14077206312
+14078685612
+14076788468
+18133745684
+14075426031
+14079569469
+13213650566
+18136187412
+19412461507
+14078457995
+14077920032
+14076870035
+18137106323
+14072581190
+19414673112
+13214247271
+17276313397
+18134071525
+18776773153
+19414135200
+18134249143
+14076292393
+18133921735
+14072999394
+14073938645
+19417803938
+19419148222
+17272090864
+13213290608
+14075950847
+19417399792
+18132846959
+19419245654
+18136253377
+14077585556
+18135791260
+19412017890
+18139975977
+18133639867
+19413627820
+18135388932
+19414447270
+13523571932
+17272771640
+18775753456
+13218950809
+19417514911
+17275463229
+14078727717
+19412418372
+19412324721
+17273517055
+18132697518
+18135662635
+18137919890
+19415498453
+18136668411
+19413665522
+14076453235
+18136446969
+18137668071
+19419244342
+19415871649
+19412090004
+13523962515
+19412321375
+13217777756
+17272618468
+14076350052
+14074044950
+19417269873
+13214382016
+18139806166
+14072052203
+18135219280
+18139009933
+14077893451
+19419602493
+18633970322
+14072750558
+19417241242
+19413771900
+19412809742
+17274085270
+14072236517
+13219510209
+13217220228
+14073947331
+17273503639
+18133792116
+14072823069
+13522273681
+13868016151
+17272604213
+19542988086
+19415265986
+18138427120
+16892691903
+19414686522
+19412565518
+17272056255
+14076941988
+17276443784
+17279552950
+18137872751
+18135621404
+18139689605
+17273033145
+19413550202
+17275761810
+17275354114
+19419202147
+13524293515
+19413716837
+18138605785
+14075926217
+19415671717
+14073318360
+17275696469
+19417132088
+14075999300
+15167281932
+17274372741
+13219562066
+19418963853
+14072506060
+14078502929
+18138931232
+18134530710
+18137783948
+18138463891
+18135380872
+18139492300
+19412599857
+14072452165
+17273419595
+13217331933
+18133533333
+18135882737
+14072767718
+18138333178
+19414850010
+18136440502
+19044121080
+18133921617
+14079289792
+19545360798
+16892975829
+13214201204
+15183399730
+18134440400
+13217775117
+14078133032
+19413570211
+18138842382
+18139477080
+19412252990
+14077961727
+19412714326
+18138856900
+13867485330
+19418938086
+14076633401
+14072897199
+13213035962
+19415276728
+13212082422
+13213687065
+13868375948
+19413664488
+18137881642
+18635100234
+14073914110
+14074969117
+18137198780
+19418774177
+13217230787
+14073375292
+19417950798
+14077886800
+19419211037
+14077232809
+14075917004
+18139930611
+14073663829
+19415807635
+18133240133
+17275450800
+18632633312
+18137016923
+17276371404
+18137306147
+13525574047
+18137705492
+13213133797
+19416501487
+18139331323
+13343548144
+18634228833
+19418947138
+17275655339
+18133136934
+17274928142
+18137801858
+18135622209
+18134678149
+14077300494
+17275610222
+19419557004
+17277418214
+13212478468
+18134473206
+19413777499
+17273792312
+19417562700
+19419771234
+18135604845
+12018112829
+18636076700
+17278159474
+13212856269
+17277178417
+13523574669
+18636042645
+19415493480
+17279544680
+17277418307
+18135512621
+19417668468
+14075425709
+18134808225
+14078412123
+13216103952
+13214029928
+19419252900
+13212425780
+17276426191
+18137509316
+13218907736
+13213350554
+19419224492
+17275812093
+19413022096
+18134751971
+17275450170
+18134988364
+14078204604
+18639402075
+18139524915
+17278312065
+18133378591
+19412370096
+14073101894
+19419993272
+13862491490
+19414000937
+18134514939
+18135919779
+14079873331
+18136203010
+19417952222
+19413593364
+18137841853
+19419223305
+17273253791
+19413069659
+18135132037
+17272474514
+18139604336
+14075157060
+14079786201
+13216312100
+18638088607
+18133634875
+18134395600
+13217528002
+13214466537
+18135028150
+18134918468
+14074853119
+19413760778
+13214127930
+17275460833
+16104412200
+13863079785
+13216041568
+19417770710
+18132910280
+18134899372
+19416853028
+19419230323
+19413789565
+13213621381
+19419997791
+18136965660
+19417484679
+14075926494
+13216101421
+17272547711
+18138733653
+19414174000
+19415418289
+13213568516
+17272642043
+18139497906
+19414053337
+14074560031
+19417530565
+17278340234
+18636989696
+19417140042
+13218004400
+13219539853
+19415296821
+17276885824
+17272184858
+18137303848
+14074263462
+18139910000
+14077923702
+18139192562
+19417560033
+13214708331
+19418417366
+17278517646
+13216312888
+18007042701
+18136512333
+17272388143
+17272105346
+18136718481
+17276775402
+13214421766
+13523538722
+16892176102
+18632588162
+19413511659
+19417536467
+18136783813
+19415399663
+18432710979
+13212151876
+14077161174
+18134993560
+18139600051
+14078089210
+19418073390
+17275948819
+14076764342
+17273005646
+17272750202
+18636141164
+17274723976
+13522684007
+19419286199
+19412314938
+18136435174
+18135045751
+19418778492
+18138464406
+17277258453
+19416773567
+18133255700
+19413552954
+18136795613
+13523149714
+19417802634
+18135711200
+14074946203
+19412120202
+18136095190
+18139772275
+13523966486
+14077978386
+14075748381
+17278697596
+14079440925
+18132518807
+13213013307
+19413796774
+16892657443
+13214330000
+18138848453
+18502761586
+17279422733
+17272567453
+18885545751
+18009896604
+18138430441
+13213000017
+14076817333
+14077700077
+18138890222
+18137937481
+19293095314
+18638884937
+14072903227
+14072922691
+14073507954
+17276232439
+19413410395
+17279435048
+18636690292
+14078487779
+18134307000
+19417999266
+17273281400
+19415865594
+17272326201
+19412845770
+14072605005
+19413552703
+17278592051
+13212651450
+14076746060
+14079364425
+17274551940
+19417567787
+19417482187
+19417064000
+19413654610
+18132805505
+19418702303
+14077238802
+14076992425
+18135318745
+18635143695
+13866317471
+18135450448
+17272153308
+19412014576
+18132071008
+17272668725
+17272059544
+19418072890
+18632800539
+19419287888
+18135029164
+13212727440
+17277100491
+14077207090
+14076142376
+17272401807
+13212362782
+17272749110
+13218632424
+18636982871
+14075210920
+14079281829
+19412017473
+17272890264
+14075652178
+14077554151
+19413658802
+19415261071
+17278002400
+19415297785
+17273272544
+14078018744
+18638999423
+19412993925
+18136424310
+19415275183
+17659196899
+17274667329
+19413581845
+14078023345
+18134015648
+19413713456
+18134260059
+14075451956
+19412262307
+18009711442
+14073007755
+14072145316
+19413712834
+19415808105
+14078661690
+19419559536
+17272381111
+13525011257
+19412759850
+18638025967
+18132434900
+19413513371
+14077389144
+19412174629
+19418969808
+19417562560
+19412797333
+18139773313
+14076925543
+14073268101
+16897779686
+13214202213
+19412296055
+18135091755
+19412181473
+17273701807
+18134519780
+12038083006
+18133453891
+18133405648
+19412274202
+14074479045
+18138862222
+18133700102
+14072920441
+14077140659
+13212965482
+17279377436
+19413153355
+14073474349
+17279473744
+13212953244
+18133953485
+18138875658
+19417275800
+19413556870
+19418704900
+19414850802
+13864143463
+19413735440
+14075743404
+14079253824
+13866684151
+17173300448
+13218068468
+19419276686
+18134367496
+18137419300
+13526028753
+18638083101
+14075677660
+17279778580
+18133706555
+18137878139
+19416671678
+18138008677
+14075231616
+18886001644
+17277610649
+19417618441
+18136838673
+13217755929
+14072220016
+18134750600
+19413202776
+17275696299
+19419533240
+19419225268
+19418776620
+18137586394
+14072344338
+17276081248
+14077356926
+19414860346
+13867667665
+19419266222
+18334452774
+18133975094
+17272394780
+19414475481
+18635108004
+17272561642
+13213006792
+18136231040
+19419607433
+17272564867
+19412000449
+17279065453
+19413420855
+13213516152
+19419935146
+19415548174
+19413219395
+18638601595
+14075210222
+19415242593
+18135431777
+17275968160
+19413663036
+19415653148
+19419554607
+13215886137
+18132910189
+14072037958
+18554696842
+19413124455
+19417418585
+19086166225
+17273313964
+14072890926
+19413126943
+19418948429
+19413015201
+19415005514
+18139621509
+16892659006
+18139924662
+13215774704
+19414623024
+18132636124
+14075470951
+17275039123
+19419938544
+19417537777
+19415807764
+18137497104
+14077805829
+18134459834
+19413607520
+16127036056
+18134370442
+19419510194
+19417802320
+19412768548
+19412645655
+18139632277
+18133800476
+14073776400
+18136250169
+19417995538
+17272491350
+19415651448
+19417468661
+18639409875
+13214464865
+18137206671
+17277411533
+14079171019
+19413600301
+13217959432
+14074493444
+19415921166
+14078441611
+14076995152
+17279354621
+19417329855
+17273763333
+17275121117
+17279345083
+13523456771
+19412025400
+17278438807
+17275456500
+18134472701
+14077856042
+19417270884
+13218024200
+18135155900
+14074317940
+13212590770
+12392470469
+18133700076
+18136663501
+14076958468
+19413653552
+14075801176
+13862287524
+15713178303
+19548730934
+13212088704
+18135417722
+19542261656
+18132541072
+14072978997
+19412849220
+14077758990
+17277292656
+18639373001
+13523070697
+19413558383
+17275577736
+18132811821
+18136066067
+18133099991
+17279021969
+18632508468
+17272257538
+13219522781
+14074019033
+14077034016
+18133857789
+17274185007
+18136900534
+19415540015
+19414026588
+19417258285
+17277766586
+13219786276
+19412730664
+17275777433
+18139613306
+17275396272
+14076683751
+18137551515
+17279160404
+14079242465
+14072212727
+14077554144
+18632210185
+14078011715
+17273145711
+14076165730
+13525390220
+19413518185
+18133639176
+19413715945
+18139938224
+13218724519
+19412100304
+18137304954
+18132523712
+13214741447
+13218214381
+18136209000
+13213152640
+19418372712
+16562137307
+15097305046
+19418933131
+13219600512
+14075500072
+19417486451
+17275205404
+19417589071
+13867750409
+18134662240
+17273999959
+19412126828
+19412864706
+14078082285
+19544714850
+18135627202
+19412843319
+13219849854
+18136991942
+14078490707
+18637015874
+19417536751
+14076295558
+14077053403
+19418403600
+19417737410
+18042141928
+13867756262
+19413516178
+18134197092
+14072460636
+14078095996
+19413785422
+18134152548
+17273486389
+19412719742
+19414561832
+18133611285
+14077799257
+18636623948
+19414657458
+17277556775
+14074213636
+13216763100
+19414758132
+18639343420
+13524231996
+14075919136
+13212821983
+14077157811
+14078816167
+19419521982
+19417183284
+14073383300
+13864793607
+18139493456
+19417798727
+18133799170
+19413656000
+18135985325
+18137390001
+19417797277
+18136614777
+18137239679
+18138430488
+14074400461
+17279358468
+18139314700
+19414797959
+17277878283
+19413785207
+18132424877
+14072555388
+19412602016
+13214662084
+17273858788
+18133687123
+17279470221
+18135801824
+19417487785
+18133080155
+13213054527
+13525687994
+18133630050
+14078378357
+18633382643
+18888996480
+14076297447
+18135345875
+13862334173
+18133120616
+13529332935
+14706014448
+14076222062
+19419618115
+19414049797
+19412008963
+14072334604
+16893169090
+14073764612
+18132993728
+14075929217
+19416007702
+17277850523
+18135145954
+19414620449
+18138501155
+18136216101
+17279991959
+14079313832
+17274108326
+18135302618
+18139242335
+18637746996
+19413158307
+19419267444
+12038932573
+17275365535
+17279377231
+13216764622
+14079550539
+17274184771
+18139579675
+14073698726
+18135931105
+18132532620
+13216761563
+18139923317
+19412136700
+18132386080
+19418224708
+17274178989
+19412012797
+18135662039
+18634136022
+18139661394
+17278428836
+19419246614
+19419536300
+18136852446
+14076005201
+13217298468
+18639994299
+19416502396
+14075532866
+14074956666
+19412022238
+14079069323
+18135258820
+13214157366
+17273141142
+17273268367
+18134046403
+14074945434
+15129986281
+14073414688
+18136761700
+19413661756
+18137240448
+17542730326
+14075401007
+18133454400
+14072856518
+17872263915
+17274720443
+19415003132
+17279453848
+19414479078
+19413556622
+19417488442
+18133351167
+18134351415
+13213962182
+18635289795
+17279402340
+19413151153
+19412126241
+19413654209
+19414440067
+19419468477
+17278979661
+19417517575
+13214446157
+14074053267
+19417771271
+19413655250
+19414045188
+13522774721
+18136528172
+19419543575
+14076055423
+13217594787
+19419226981
+13213155764
+19417067680
+17274037831
+19413219776
+19417796902
+12394401042
+13217236976
+13212311919
+14072504661
+17277544514
+17277611101
+17276098470
+19413608901
+18138083953
+19415526789
+18624323818
+18137875327
+14077597572
+18137085020
+19412663102
+17275966033
+17272282026
+19545493798
+19413792257
+19414135993
+19725233112
+17273182217
+13522866904
+14079778453
+18635330681
+18137347711
+18138774824
+19412174125
+19412272000
+19412038402
+19412211098
+18633085462
+19415048115
+19419541100
+14077702222
+14078640237
+18132436556
+19416859541
+19412733296
+18138473964
+18774349552
+17272400807
+19417277433
+13212555044
+19419094828
+18015031287
+19413656500
+15132668438
+18139335003
+14078868468
+19413661942
+13216224356
+19417055940
+19415456138
+18632202977
+14074291795
+13219721171
+19413366399
+13216749993
+18633158773
+17275414719
+18132854546
+13219518284
+18137661637
+13525578169
+19412511244
+18133584200
+18137641013
+14077669085
+13216104345
+19413559656
+18137016476
+19412530400
+18633245523
+14079379474
+14079000190
+19417250709
+14075788088
+18135500930
+18137428468
+17273771121
+18134802613
+19417060924
+17275577803
+18139449730
+16898001012
+19414028836
+13218218901
+17273264246
+14073833363
+18139513183
+19412166734
+18634889198
+19415676215
+19419665000
+14079156023
+18134758786
+14076012792
+13868711377
+15154221206
+14074333547
+19414990000
+18132358763
+18133676931
+19416238221
+18133150543
+13216268649
+14073342461
+13212956498
+18136665606
+18136471102
+17274853698
+14072335928
+19412942017
+13526561006
+18138435408
+18632052584
+14078572552
+17274316871
+14078460561
+19416004464
+18339862273
+19413583360
+14077495646
+18137845211
+17273608159
+18136288453
+17276376037
+18634223408
+18132913937
+18134641312
+19419184000
+19413443708
+18132700141
+13219173251
+19417270118
+19413713161
+13526387828
+19415398040
+14077661195
+19414442448
+19413410143
+18133282053
